Прогноз погоды в Нижнем Новгороде на сегодня:
-----------------------------------------------------------------
| №  | Дата/время           | Температура  | Осадки (мм) |
-----------------------------------------------------------------
| 1  | 2026-05-09T00:00     | 8,5          | 0,00       |
| 2  | 2026-05-09T01:00     | 7,8          | 0,00       |
| 3  | 2026-05-09T02:00     | 6,9          | 0,00       |
| 4  | 2026-05-09T03:00     | 6,4          | 0,00       |
| 5  | 2026-05-09T04:00     | 5,6          | 0,00       |
| 6  | 2026-05-09T05:00     | 5,3          | 0,00       |
| 7  | 2026-05-09T06:00     | 6,3          | 0,00       |
| 8  | 2026-05-09T07:00     | 7,2          | 0,00       |
| 9  | 2026-05-09T08:00     | 8,3          | 0,00       |
| 10 | 2026-05-09T09:00     | 9,1          | 0,00       |
| 11 | 2026-05-09T10:00     | 10,3         | 0,00       |
| 12 | 2026-05-09T11:00     | 11,5         | 0,00       |
| 13 | 2026-05-09T12:00     | 12,3         | 0,00       |
| 14 | 2026-05-09T13:00     | 13,0         | 0,00       |
| 15 | 2026-05-09T14:00     | 13,4         | 0,00       |
| 16 | 2026-05-09T15:00     | 13,8         | 0,00       |
| 17 | 2026-05-09T16:00     | 13,2         | 0,00       |
| 18 | 2026-05-09T17:00     | 12,8         | 0,00       |
| 19 | 2026-05-09T18:00     | 12,4         | 0,00       |
| 20 | 2026-05-09T19:00     | 11,8         | 0,00       |
| 21 | 2026-05-09T20:00     | 9,6          | 0,00       |
| 22 | 2026-05-09T21:00     | 8,3          | 0,00       |
| 23 | 2026-05-09T22:00     | 7,4          | 0,00       |
| 24 | 2026-05-09T23:00     | 7,1          | 0,00       |
-----------------------------------------------------------------
